6243071
3620147
2034167
7134206
6412037
7023461
1723604
7021346
6437012
6120743
4736021
7213046
2376410
2037416
3476120
2306741
6423107
7206341
3421760
4261037
0724631
1760432
3162407
4632701
0637124
3726401
0247361
2764310
2430617
1376420
6721043
1763204
1370624
2346710
4632701
1204637
7014632
1042376
0374612
4136072
2304671
1607243
3721604
7134026
1402637
0471623
4702613
6231047
1243670
4213760
6021734
7014263
6403712
0614237
2431607
0123746
7360421
1046732
0671432
1072436
1640327
3420671
6714230
2170436
1736042
6124073
1706342
4761032
4230176
6123740
1632074
0741623
2716043
4706132
3472160
0713246
2406137
3217460
1307264
0361724
1270634
3146702
4713620
2174063
3120674
1473062
1304627
3761402
1270634
3071246
3712046
7320641
2067341
7631402
6201743
7042631
1672430
2430617
2417603
3142760
4613027
3127406
6031427
7162304
4317062
6407213
0467312
3764210
6471302
1402673
3620417
4321067
7612034
1067342
3741602
3067421
1734206
4267310
6403721
0423761
0763412
6412703
6270341
3260147
1247306
3147062
1302467
6013274
0246371
4672310
6170423
4621703
4621307
4307612
1724036
7023416
6214730
3102467
2073146
4731062
0416273
1036724
3014672
1763204
7132046
0436217
6430271
7602413
3064271
7312064
6012734
6723104
1467023
1072346
2740316
2367014
3421067
7632041
7063214
2713460
4061327
2361074
6047132
3620471
0764321
4271360
1263704
3462170
6421307
1672340
3704612
2340761
7243106
4721306
3204671
0241376
3264701
2360714
1074236
1403267
7462130
2431760
0162347
7064123
6243107
1602374
3246710
6410327
6430217
4703216
7342106
6302417
3147206
6174023
0346172
2306471
2613740
7341026
4670312
4376210
0126743
3267014
4306172
3162740
7236104
0263714
4213607
3402167
7104263
4701263
1740362
3712064
7431062
4203176
2307641
3167024
2673140
2014376
3621740
7106324
4026371
7210634
1462703
2467103
6742130
6230471
1327064
4361072
1320674
6430127
3410267
0761423
7261304
1237604
1304267
0236417
0412763
6243710
3026174
6372410
7162304
1376024
3247601
3601472
7036412
2346710
3170624
1762034
4072631
1307426
0347162
7036241
7263041
2416730
7432106
1203476
4623170
4076123
1263470
4721063
4273016
2734016
7416320
0621473
2634017
6014327
3146207
6023741
6413270
7436120
7014236
3471602
4027163
3604712
1432706
2437601
3601472
7601423
3741602
7431206
2673140
2641307
3417602
3106724
7132046
7120643
7031426
3216740
6701234
4173620
3760142
2061347
0126374
0241736
0724631
3021764
6201347
2746310
0412736
0613274
1024673
2304716
6720134
4173620
1430267
1236740
1347260
4263107
1032476
7416320
6071234
2670413
3041276
6243701
6301427
0417326
2140637
1376204
3026741
4326710
3721640
7304612
7413206
0423617
0423167
4160372
2063471
7240361
0176234
7216340
3210764
0241763
7316402
0147623
2436107
6432107
0473126
2637104
1234706
4670123
1047236
7312406
7631240
7140623
7462301
3420176
2430167
4230716
4136720
1072634
0247613
7643201
6273401
7430216
1476032
6240713
1706324
6237041
3740162
6274103
3716240
2764301
6012743
4316027
0642317
1034726
6423170
3021674
3012467
7231604
6470132
0423671
1072364
4013672
7461023
2630174
6102473
7306124
1032647
7614302
4072136
4172360
0731246
4173206
7130426
4673102
2304167
7260341
3176042
0364721
1036274
1342076
0342716
1340762
0762143
1623704
3162740
7143602
7420613
2146703
2630741
3624701
2410637
7102436
4120763
3172064
2163704
6734021
1376024
6720413
1467320
0217634
3417206
0421637
6104237
3467012
1076432
6410723
3126407
1372460
1746230
7362014
0342716
2617043
6721403
4702613
0173426
4310627
3602147
6217304
0726341
4710632
6172304
0273641
7416203
7210643
7421360
0347261
1203764
3742106
7031462
7642031
4316270
2613470
4271063
7043126
3672104
1460723
1047326
1623074
4231706
3420176
7042361
2764130
0346127
0437612
7312604
2076413
2607413
4160732
4120367
7614023
3062714
4702316
7103246
0437216
3401276
0142736
4321076
0316274
6237140
2074316
0431726
0264173
7046123
0672143
4270631
2407163
0347621
4370126
3421067
6123704
7023461
6724310
2031647
0126374
4036721
2730164
0736124
3142706
6742031
2346710
3721604
0413276
6472013
7406132
0637214
7462031
4207631
6734201
4170236
3462710
3264701
2137460
1306427
4312067
3720416
3612470
7631402
7162430
3120674
6307214
0724361
1407623
7143062
3642107
4103762
4762013
1462370
3017426
7104263
2130647
7430612
0423671
3164720
7406213
6437102
7630412
2467130
7103264
7034261
3016247
4130672
7634201
1076423
6204137
1472360
0317642
7016324
7216403
2074316
3170642
7263410
2643170
7204316
6720431
1264037
4062371
1437602
7416023
1630274
3410276
2607341
6743012
4763012
0476213
6712304
3210647
4730261
2307461
1734602
4617230
2041367
2741360
4372061
0761423
6340172
6014273
3741620
3127046
4637210
6270431
3160742
0216473
4732061
7312046
7342106
4236107
1067243
1024736
2143067
6104372
1362074
0376142
0726143
2731046
1637420
1204736
0364721
0473612
3702146
0176342
6724103
1427630
1620734
0627314
7420361
1067243
6104732
2304761
2061347
7421360
4362701
7402136
3140267
1367240
7602413
6732140
6721304
3071426
7321640
1347602
3742106
7134206
1603472
3207416
3021674
1670432
4123706
4376012
3621470
7403216
1467320
2367104
4067213
6027431
6034217
0671342
3714062
3726104
2706134
3160742
2437106
6307214
2701463
4721360
0413672
7021634
4627031
7316204
7023614
0342716
2437601
2703146
7631402
0461372
6217340
0647123
0417632
7104326
3024761
2046371
6240713
0271634
6137024
4267103
6721430
1674203
6123704
3642107
4216037
3641702
3026417
1206743
7261340
6734012
0346721
1023467
4601372
4710236
4762031
2471360
0321746
2316407
2073614
0742361
6271430
2760314
3074216
6712430
3107624
4763120
2710463
7316204
4307162
7204136
1063427
0127634
6370124
3617204
0173642
2614307
2143076
2701634
6210347
0274163
7612304
0672413
6130742
6324710
7201364
7624103
7231640
2036147
3407621
0432671
7416203
4312076
4230716
4620317
6712034
1647032
0271364
7026314
3214670
1037426
6047312
7601234
6321074
6140732
7412063
6321047
2406173
7601243
3241670
4760132
6201734
6324071
1427603
3420716
0324176
2470631
4720631
1427063
6431270
7120346
1074623
4703621
3267140
6703214
0671324
6127403
1427630
7142036
7412630
0734261
0742361
1420736
4672013
2764301
1436720
0621473
6731042
1623047
0732146
2746130
0426371
3462710
1064237
3426710
4732610
7314062
0632174
1207634
2416307
2703416
4736120
2430617
1472036
6034127
3604127
6301247
6270341
7213046
3260417
1436207
0362147
0736421
1462730
0342167
6071324
0761324
4631072
4076231
2147306
3710462
6730412
3046271
0471632
0234617
0216437
0621347
6102347
1432706
7640132
4730216
2136407
1726043
7132604
7260143
2061437
6372014
0432167
0342167
2714630
7041623
3427160
2401376
0324761
4026371
0123647
0726341
7103426
3042176
3602714
0367241
0461372
1706342
2304167
7041263
4630721
0674132
6137042
2013647
4370261
2761043
6421730
1342067
2041736
1637420
3064172
3701246
1347260
3470162
1342076
1724036
3471062
1432067
2306741
0437621
4607123
7416023
7302146
0471632
3267401
2103674
2401376
1637420
1026347
6120437
2630471
4260731
2031467
4237610
2170364
2173604
2146730
6374120
6132407
1673042
3160742
6071234
0376412
1026374
6270143
0324176
7234106
3247061
1043726
2430671
6407321
6240731
1346720
4317026
2016473
3420716
4763021
2307416
1234670
0631724
7106423
6014327
1604723
7106423
7610243
4362170
1026374
3076241
1736240
2130746
2037641
4061372
6027143
1273406
3041672
0361472
6714320
3617420
2107364
3410726
4276103
7412603
0167324
2016734
3614072
3602714
7240631
0463217
6321470
7263014
0172436
0217436
0174263
7302614
0436127
3412706
4360271
4307261
2134076
4612730
1743206
0217643
3162470
0137624
1273640
3246071
6042371
4017623
0237614
2714603
1267340
7301624
0642713
4273106
3021476
4106237
4207613
3024671
4620371
1720364
6427130
6071342
3461702
0724163
2037614
2046731
3462701
0473621
4123076
7241603
1342760
0217643
2134706
4167302
1032746
3621047
3104276
0413267
7613420
3127640
0462137
6134720
7102364
2716034
2360471
7630241
7362140
6024371
6071243
0371264
4723061
1260347
1740632
3246071
4713260
3760412
6432071
2640173
6207431
7614230
2164370
1304762
4630271
7430261
7436012
7041362
1364207
3126047
1267304
0174263
4062731
7240163
1240673
0361427
1432607
2701346
7012364
6271403
4603721
0147326
4231670
0231764
7021364
3260714
2364071
1723460
6203174
1723064
7413620
6304127
3762410
4136720
3614702
7421630
6310742
2741630
7463021
0217634
3046127
1026734
7306241
7203164
1730462
4013267
6017234
4162370
1063742
7641230
6402317
4627103
4602317
0714632
0746123
4371026
0246173
6741023
1674320
6317240
0132647
0432617
7214360
3706412
7034621
7123406
3127460
7423601
6324107
3270146
6324017
3407216
7214630
1267403
2610374
2130476
1470326
3407126
6310742
0467213
7632014
4216307
6340712
2670341
4630271
4032716
7261034
6307412
6041327
3124760
3640172
6720314
1063247
0264371
7024361
6420137
1360742
1623740
4760123
3721460
3621407
7124306
4237016
4276130
4321706
3126704
0172364
2614703
0642731
0273614
6320741
7604312
3207416
3407162
4302167
2164037
4231076
0143276
3271604
7164320
0413726
3471206
3176204
2417360
1704263
2613074
0347261
3472016
2043617
6072143
7160243
3017246
6142703
0326471
6072341
3270416
1302476
2760143
4237016
2371460
1623470
0427163
3746210
6704123
1736420
6210437
0164372
3206741
0273461
7240163
6043712
2607143
2014673
2701643
1320467
7614032
2130476
7210436
2604371
3641270
1247603
3604172
0471263
4632170
2413067
7162034
4271306
0472163
6320174
3071642
6304721
1207346
4067312
1602743
1234076
4213076
2301674
0234176
3601274
6143702
6270413
3620714
7406123
6701423
1032746
1230674
6027413
2736410
6301274
3204761
1034627
4016732
4201736
3106274
3240167
4632107
7432610
2476130
4123607
0371642
2641370
4630712
0761243
3607124
3742016
1746203
3174260
3614270
3704216
2460371
0612734
7204163
7241036
6270134
7102364
0271364
6327401
6012473
4036127
0314627
4267013
1637042
4236170
4036172
0642137
0276431
7420163
0761342
7123604
7432601
1274036
4621370
4372160
4702361
3762041
6042371
6132047
7143602
1026743
3240716
2761340
0213764
0461327
0671243
7431602
3164270
4016327
2017436
3206417
1342760
0421736
2036471
6107342
0234167
6342071
1236407
6473210
2016437
0374162
2647103
4310762
0674321
0416237
3764201
4601723
0134627
1240376
7621430
0126734
1236074
3620174
0614723
0642731
4713206
3240761
7032614
4613270
2103476
3762410
3746210
0326741
4621370
3601724
6304271
7460123
0431672
6034712
6704321
2046371
6714203
2317064
7631042
6174320
2614730
4013627
1036742
4302176
3460721
0234671
1732604
0231746
0743162
0267314
0273614
7314260
7102346
0231647
0167243
7043126
7302164
6312704
1207436
1403762
2410736
6130472
3074261
2701436
0647132
1623407
4160723
7041623
6702314
2314706
0627143
7213064
2461703
4701263
4176302
1347026
3746210
1074263
2304617
1207463
0163247
4610732
3261740
4130276
0672341
1742306
0421367
3701624
4631720
7346201
4716203
2673401
2360714
4123067
6034172
6071423
7436012
1472630
6174203
7036142
3026714
0174623
3240176
7243106
2603417
1406237
1026473
7140326
4073261
3476102
1037624
0312764
7423016
6230714
0124376
7106432
3074612
1204367
6473102
6230741
0673214
1320647
2143670
0341726
6023147
0324716
7216043
0172634
4021376
4067123
6472301
6710324
4072613
1274306
0172346
2361470
6201734
1473206
1730246
7632410
4761023
6072431
7063241
0612374
4261370
2104673
0673421
1243706
0631427
6243170
7126340
2706341
2076134
4312670
3260471
0613427
2674310
6137042
1402763
1736420
2670143
6413702
0243671
7364210
6247013
0136427
0321764
3172604
0327641
6132470
2346701
3042167
4301276
1372406
1647023
4017263
2764031
7346012
0741362
6142703
3714260
4126703
4623710
6724310
0367124
1042376
2470316
